0, 1, 0.1000000000, 8, 64, 3.0000000000, 0.0000062840, 1.0000000000
0, 1, 0.1500000000, 8, 64, 3.0000000000, 0.0000002710, 1.0000000000
0, 1, 0.2000000000, 8, 64, 3.0000000000, 0.0000001840, 1.0000000000
0, 1, 0.2500000000, 8, 64, 3.0000000000, 0.0000001830, 1.0000000000
0, 1, 0.3000000000, 8, 64, 3.0000000000, 0.0000001620, 1.0000000000
0, 1, 0.3500000000, 8, 64, 3.0000000000, 0.0000001640, 1.0000000000
0, 1, 0.4000000000, 8, 64, 3.0000000000, 0.0000001640, 1.0000000000
0, 1, 0.4500000000, 8, 64, 3.0000000000, 0.0000001640, 1.0000000000
0, 1, 0.5000000000, 8, 64, 3.0000000000, 0.0000001660, 1.0000000000
0, 1, 0.5500000000, 8, 64, 3.0000000000, 0.0000001640, 1.0000000000
0, 1, 0.6000000000, 8, 64, 3.0000000000, 0.0000001660, 1.0000000000
0, 1, 0.6500000000, 8, 64, 3.0000000000, 0.0000001640, 1.0000000000
0, 1, 0.7000000000, 8, 64, 3.0000000000, 0.0000001640, 1.0000000000
0, 1, 0.7500000000, 8, 64, 3.0000000000, 0.0000001630, 1.0000000000
0, 1, 0.8000000000, 8, 64, 3.0000000000, 0.0000001640, 1.0000000000
0, 1, 0.8500000000, 8, 64, 3.0000000000, 0.0000001680, 1.0000000000
0, 1, 0.9000000000, 8, 64, 3.0000000000, 0.0000001640, 1.0000000000
0, 1, 0.9500000000, 8, 64, 3.0000000000, 0.0000001660, 1.0000000000
0, 10, 0.1000000000, 80, 64, 3.0000000000, 0.0000010680, 10.0000000000
0, 10, 0.1500000000, 80, 64, 3.0000000000, 0.0000002650, 10.0000000000
0, 10, 0.2000000000, 80, 64, 3.0000000000, 0.0000002380, 10.0000000000
0, 10, 0.2500000000, 80, 64, 3.0000000000, 0.0000002360, 10.0000000000
0, 10, 0.3000000000, 80, 64, 3.0000000000, 0.0000002350, 10.0000000000
0, 10, 0.3500000000, 80, 64, 3.0000000000, 0.0000002240, 10.0000000000
0, 10, 0.4000000000, 80, 64, 3.0000000000, 0.0000002230, 10.0000000000
0, 10, 0.4500000000, 80, 64, 3.0000000000, 0.0000002180, 10.0000000000
0, 10, 0.5000000000, 80, 64, 3.0000000000, 0.0000002150, 10.0000000000
0, 10, 0.5500000000, 80, 64, 3.0000000000, 0.0000002140, 10.0000000000
0, 10, 0.6000000000, 80, 64, 3.0000000000, 0.0000002180, 10.0000000000
0, 10, 0.6500000000, 80, 64, 3.0000000000, 0.0000002170, 10.0000000000
0, 10, 0.7000000000, 80, 64, 3.0000000000, 0.0000002210, 10.0000000000
0, 10, 0.7500000000, 80, 64, 3.0000000000, 0.0000002130, 10.0000000000
0, 10, 0.8000000000, 80, 64, 3.0000000000, 0.0000002180, 10.0000000000
0, 10, 0.8500000000, 80, 64, 3.0000000000, 0.0000002130, 10.0000000000
0, 10, 0.9000000000, 80, 64, 3.0000000000, 0.0000002170, 10.0000000000
0, 10, 0.9500000000, 80, 64, 3.0000000000, 0.0000002130, 10.0000000000
0, 100, 0.1000000000, 800, 320, 3.0000000000, 0.0000008960, 20.0000000000
0, 100, 0.1500000000, 800, 320, 3.0000000000, 0.0000008750, 20.0000000000
0, 100, 0.2000000000, 800, 320, 3.0000000000, 0.0000008800, 20.0000000000
0, 100, 0.2500000000, 800, 320, 3.0000000000, 0.0000008810, 20.0000000000
0, 100, 0.3000000000, 800, 320, 3.0000000000, 0.0000008750, 20.0000000000
0, 100, 0.3500000000, 800, 320, 3.0000000000, 0.0000008770, 20.0000000000
0, 100, 0.4000000000, 800, 320, 3.0000000000, 0.0000008730, 20.0000000000
0, 100, 0.4500000000, 800, 320, 3.0000000000, 0.0000008640, 20.0000000000
0, 100, 0.5000000000, 800, 320, 3.0000000000, 0.0000008710, 20.0000000000
0, 100, 0.5500000000, 800, 320, 3.0000000000, 0.0000008590, 20.0000000000
0, 100, 0.6000000000, 800, 320, 3.0000000000, 0.0000008680, 20.0000000000
0, 100, 0.6500000000, 800, 320, 3.0000000000, 0.0000008690, 20.0000000000
0, 100, 0.7000000000, 800, 320, 3.0000000000, 0.0000008650, 20.0000000000
0, 100, 0.7500000000, 800, 320, 3.0000000000, 0.0000008610, 20.0000000000
0, 100, 0.8000000000, 800, 320, 3.0000000000, 0.0000008710, 20.0000000000
0, 100, 0.8500000000, 800, 320, 3.0000000000, 0.0000008680, 20.0000000000
0, 100, 0.9000000000, 800, 320, 3.0000000000, 0.0000008690, 20.0000000000
0, 100, 0.9500000000, 800, 320, 3.0000000000, 0.0000008690, 20.0000000000
0, 1000, 0.1000000000, 8000, 3008, 3.0000000000, 0.0000074090, 21.2765960693
0, 1000, 0.1500000000, 8000, 3008, 3.0000000000, 0.0000073900, 21.2765960693
0, 1000, 0.2000000000, 8000, 3008, 3.0000000000, 0.0000074040, 21.2765960693
0, 1000, 0.2500000000, 8000, 3008, 3.0000000000, 0.0000073830, 21.2765960693
0, 1000, 0.3000000000, 8000, 3008, 3.0000000000, 0.0000074270, 21.2765960693
0, 1000, 0.3500000000, 8000, 3008, 3.0000000000, 0.0000073930, 21.2765960693
0, 1000, 0.4000000000, 8000, 3008, 3.0000000000, 0.0000074220, 21.2765960693
0, 1000, 0.4500000000, 8000, 3008, 3.0000000000, 0.0000073890, 21.2765960693
0, 1000, 0.5000000000, 8000, 3008, 3.0000000000, 0.0000074080, 21.2765960693
0, 1000, 0.5500000000, 8000, 3008, 3.0000000000, 0.0000074100, 21.2765960693
0, 1000, 0.6000000000, 8000, 3008, 3.0000000000, 0.0000074200, 21.2765960693
0, 1000, 0.6500000000, 8000, 3008, 3.0000000000, 0.0000074180, 21.2765960693
0, 1000, 0.7000000000, 8000, 3008, 3.0000000000, 0.0000074180, 21.2765960693
0, 1000, 0.7500000000, 8000, 3008, 3.0000000000, 0.0000074190, 21.2765960693
0, 1000, 0.8000000000, 8000, 3008, 3.0000000000, 0.0000074160, 21.2765960693
0, 1000, 0.8500000000, 8000, 3008, 3.0000000000, 0.0000074280, 21.2765960693
0, 1000, 0.9000000000, 8000, 3008, 3.0000000000, 0.0000074120, 21.2765960693
0, 1000, 0.9500000000, 8000, 3008, 3.0000000000, 0.0000074120, 21.2765960693
0, 10000, 0.1000000000, 80000, 30016, 3.0000000000, 0.0000728760, 21.3219623566
0, 10000, 0.1500000000, 80000, 30016, 3.0000000000, 0.0000728840, 21.3219623566
0, 10000, 0.2000000000, 80000, 30016, 3.0000000000, 0.0000729740, 21.3219623566
0, 10000, 0.2500000000, 80000, 30016, 3.0000000000, 0.0000730620, 21.3219623566
0, 10000, 0.3000000000, 80000, 30016, 3.0000000000, 0.0000731520, 21.3219623566
0, 10000, 0.3500000000, 80000, 30016, 3.0000000000, 0.0000730640, 21.3219623566
0, 10000, 0.4000000000, 80000, 30016, 3.0000000000, 0.0000730420, 21.3219623566
0, 10000, 0.4500000000, 80000, 30016, 3.0000000000, 0.0000730490, 21.3219623566
0, 10000, 0.5000000000, 80000, 30016, 3.0000000000, 0.0000730950, 21.3219623566
0, 10000, 0.5500000000, 80000, 30016, 3.0000000000, 0.0000732670, 21.3219623566
0, 10000, 0.6000000000, 80000, 30016, 3.0000000000, 0.0000730790, 21.3219623566
0, 10000, 0.6500000000, 80000, 30016, 3.0000000000, 0.0000731420, 21.3219623566
0, 10000, 0.7000000000, 80000, 30016, 3.0000000000, 0.0000730810, 21.3219623566
0, 10000, 0.7500000000, 80000, 30016, 3.0000000000, 0.0000730730, 21.3219623566
0, 10000, 0.8000000000, 80000, 30016, 3.0000000000, 0.0000731350, 21.3219623566
0, 10000, 0.8500000000, 80000, 30016, 3.0000000000, 0.0000731420, 21.3219623566
0, 10000, 0.9000000000, 80000, 30016, 3.0000000000, 0.0000731030, 21.3219623566
0, 10000, 0.9500000000, 80000, 30016, 3.0000000000, 0.0000731110, 21.3219623566
0, 100000, 0.1000000000, 800000, 300032, 3.0000000000, 0.0007302990, 21.3310585022
0, 100000, 0.1500000000, 800000, 300032, 3.0000000000, 0.0007300790, 21.3310585022
0, 100000, 0.2000000000, 800000, 300032, 3.0000000000, 0.0007301700, 21.3310585022
0, 100000, 0.2500000000, 800000, 300032, 3.0000000000, 0.0007299280, 21.3310585022
0, 100000, 0.3000000000, 800000, 300032, 3.0000000000, 0.0007284700, 21.3310585022
0, 100000, 0.3500000000, 800000, 300032, 3.0000000000, 0.0007276490, 21.3310585022
0, 100000, 0.4000000000, 800000, 300032, 3.0000000000, 0.0007278390, 21.3310585022
0, 100000, 0.4500000000, 800000, 300032, 3.0000000000, 0.0007277430, 21.3310585022
0, 100000, 0.5000000000, 800000, 300032, 3.0000000000, 0.0007284130, 21.3310585022
0, 100000, 0.5500000000, 800000, 300032, 3.0000000000, 0.0007278060, 21.3310585022
0, 100000, 0.6000000000, 800000, 300032, 3.0000000000, 0.0007276110, 21.3310585022
0, 100000, 0.6500000000, 800000, 300032, 3.0000000000, 0.0007277370, 21.3310585022
0, 100000, 0.7000000000, 800000, 300032, 3.0000000000, 0.0007283060, 21.3310585022
0, 100000, 0.7500000000, 800000, 300032, 3.0000000000, 0.0007277880, 21.3310585022
0, 100000, 0.8000000000, 800000, 300032, 3.0000000000, 0.0007325360, 21.3310585022
0, 100000, 0.8500000000, 800000, 300032, 3.0000000000, 0.0007278700, 21.3310585022
0, 100000, 0.9000000000, 800000, 300032, 3.0000000000, 0.0007283960, 21.3310585022
0, 100000, 0.9500000000, 800000, 300032, 3.0000000000, 0.0007275160, 21.3310585022
0, 1000000, 0.1000000000, 8000000, 3000000, 3.0000000000, 0.0072791460, 21.3333339691
0, 1000000, 0.1500000000, 8000000, 3000000, 3.0000000000, 0.0072963190, 21.3333339691
0, 1000000, 0.2000000000, 8000000, 3000000, 3.0000000000, 0.0072821330, 21.3333339691
0, 1000000, 0.2500000000, 8000000, 3000000, 3.0000000000, 0.0072789810, 21.3333339691
0, 1000000, 0.3000000000, 8000000, 3000000, 3.0000000000, 0.0072797670, 21.3333339691
0, 1000000, 0.3500000000, 8000000, 3000000, 3.0000000000, 0.0072789530, 21.3333339691
0, 1000000, 0.4000000000, 8000000, 3000000, 3.0000000000, 0.0073187040, 21.3333339691
0, 1000000, 0.4500000000, 8000000, 3000000, 3.0000000000, 0.0073001120, 21.3333339691
0, 1000000, 0.5000000000, 8000000, 3000000, 3.0000000000, 0.0073018560, 21.3333339691
0, 1000000, 0.5500000000, 8000000, 3000000, 3.0000000000, 0.0073064240, 21.3333339691
0, 1000000, 0.6000000000, 8000000, 3000000, 3.0000000000, 0.0072977140, 21.3333339691
0, 1000000, 0.6500000000, 8000000, 3000000, 3.0000000000, 0.0072981960, 21.3333339691
0, 1000000, 0.7000000000, 8000000, 3000000, 3.0000000000, 0.0073018210, 21.3333339691
0, 1000000, 0.7500000000, 8000000, 3000000, 3.0000000000, 0.0073063850, 21.3333339691
0, 1000000, 0.8000000000, 8000000, 3000000, 3.0000000000, 0.0073030180, 21.3333339691
0, 1000000, 0.8500000000, 8000000, 3000000, 3.0000000000, 0.0073001430, 21.3333339691
0, 1000000, 0.9000000000, 8000000, 3000000, 3.0000000000, 0.0073018420, 21.3333339691
0, 1000000, 0.9500000000, 8000000, 3000000, 3.0000000000, 0.0073063330, 21.3333339691
0, 10000000, 0.1000000000, 80000000, 30000000, 3.0000000000, 0.0731294480, 21.3333339691
0, 10000000, 0.1500000000, 80000000, 30000000, 3.0000000000, 0.0730445190, 21.3333339691
0, 10000000, 0.2000000000, 80000000, 30000000, 3.0000000000, 0.0731809460, 21.3333339691
0, 10000000, 0.2500000000, 80000000, 30000000, 3.0000000000, 0.0730832050, 21.3333339691
0, 10000000, 0.3000000000, 80000000, 30000000, 3.0000000000, 0.0730213590, 21.3333339691
0, 10000000, 0.3500000000, 80000000, 30000000, 3.0000000000, 0.0730439010, 21.3333339691
0, 10000000, 0.4000000000, 80000000, 30000000, 3.0000000000, 0.0730462740, 21.3333339691
0, 10000000, 0.4500000000, 80000000, 30000000, 3.0000000000, 0.0730794000, 21.3333339691
0, 10000000, 0.5000000000, 80000000, 30000000, 3.0000000000, 0.0730366950, 21.3333339691
0, 10000000, 0.5500000000, 80000000, 30000000, 3.0000000000, 0.0730955440, 21.3333339691
0, 10000000, 0.6000000000, 80000000, 30000000, 3.0000000000, 0.0730345380, 21.3333339691
0, 10000000, 0.6500000000, 80000000, 30000000, 3.0000000000, 0.0731554230, 21.3333339691
0, 10000000, 0.7000000000, 80000000, 30000000, 3.0000000000, 0.0730502460, 21.3333339691
0, 10000000, 0.7500000000, 80000000, 30000000, 3.0000000000, 0.0730238530, 21.3333339691
0, 10000000, 0.8000000000, 80000000, 30000000, 3.0000000000, 0.0730673980, 21.3333339691
0, 10000000, 0.8500000000, 80000000, 30000000, 3.0000000000, 0.0730974520, 21.3333339691
0, 10000000, 0.9000000000, 80000000, 30000000, 3.0000000000, 0.0732227140, 21.3333339691
0, 10000000, 0.9500000000, 80000000, 30000000, 3.0000000000, 0.0730492620, 21.3333339691
1, 1, 0.1000000000, 8, 64, 3.0000000000, 0.0340307020, 1.0000000000
1, 1, 0.1500000000, 8, 64, 3.0000000000, 0.0004337710, 1.0000000000
1, 1, 0.2000000000, 8, 64, 3.0000000000, 0.0004310370, 1.0000000000
1, 1, 0.2500000000, 8, 64, 3.0000000000, 0.0003992840, 1.0000000000
1, 1, 0.3000000000, 8, 64, 3.0000000000, 0.0003670690, 1.0000000000
1, 1, 0.3500000000, 8, 64, 3.0000000000, 0.0003418910, 1.0000000000
1, 1, 0.4000000000, 8, 64, 3.0000000000, 0.0005595580, 1.0000000000
1, 1, 0.4500000000, 8, 64, 3.0000000000, 0.0003606490, 1.0000000000
1, 1, 0.5000000000, 8, 64, 3.0000000000, 0.0004156310, 1.0000000000
1, 1, 0.5500000000, 8, 64, 3.0000000000, 0.0002804760, 1.0000000000
1, 1, 0.6000000000, 8, 64, 3.0000000000, 0.0004606590, 1.0000000000
1, 1, 0.6500000000, 8, 64, 3.0000000000, 0.0004489060, 1.0000000000
1, 1, 0.7000000000, 8, 64, 3.0000000000, 0.0003352780, 1.0000000000
1, 1, 0.7500000000, 8, 64, 3.0000000000, 0.0004502650, 1.0000000000
1, 1, 0.8000000000, 8, 64, 3.0000000000, 0.0003682390, 1.0000000000
1, 1, 0.8500000000, 8, 64, 3.0000000000, 0.0004052490, 1.0000000000
1, 1, 0.9000000000, 8, 64, 3.0000000000, 0.0003493080, 1.0000000000
1, 1, 0.9500000000, 8, 64, 3.0000000000, 0.0004777500, 1.0000000000
1, 10, 0.1000000000, 80, 64, 3.0000000000, 0.0004563450, 10.0000000000
1, 10, 0.1500000000, 80, 64, 3.0000000000, 0.0003706840, 10.0000000000
1, 10, 0.2000000000, 80, 64, 3.0000000000, 0.0004304050, 10.0000000000
1, 10, 0.2500000000, 80, 64, 3.0000000000, 0.0003787080, 10.0000000000
1, 10, 0.3000000000, 80, 64, 3.0000000000, 0.0004507630, 10.0000000000
1, 10, 0.3500000000, 80, 64, 3.0000000000, 0.0004344210, 10.0000000000
1, 10, 0.4000000000, 80, 64, 3.0000000000, 0.0003697680, 10.0000000000
1, 10, 0.4500000000, 80, 64, 3.0000000000, 0.0003914850, 10.0000000000
1, 10, 0.5000000000, 80, 64, 3.0000000000, 0.0004154570, 10.0000000000
1, 10, 0.5500000000, 80, 64, 3.0000000000, 0.0003257050, 10.0000000000
1, 10, 0.6000000000, 80, 64, 3.0000000000, 0.0003404740, 10.0000000000
1, 10, 0.6500000000, 80, 64, 3.0000000000, 0.0004492830, 10.0000000000
1, 10, 0.7000000000, 80, 64, 3.0000000000, 0.0002936000, 10.0000000000
1, 10, 0.7500000000, 80, 64, 3.0000000000, 0.0004023400, 10.0000000000
1, 10, 0.8000000000, 80, 64, 3.0000000000, 0.0003034990, 10.0000000000
1, 10, 0.8500000000, 80, 64, 3.0000000000, 0.0003082040, 10.0000000000
1, 10, 0.9000000000, 80, 64, 3.0000000000, 0.0003299330, 10.0000000000
1, 10, 0.9500000000, 80, 64, 3.0000000000, 0.0002611790, 10.0000000000
1, 100, 0.1000000000, 800, 320, 3.0000000000, 0.0003784040, 20.0000000000
1, 100, 0.1500000000, 800, 320, 3.0000000000, 0.0003668990, 20.0000000000
1, 100, 0.2000000000, 800, 320, 3.0000000000, 0.0003567090, 20.0000000000
1, 100, 0.2500000000, 800, 320, 3.0000000000, 0.0003590580, 20.0000000000
1, 100, 0.3000000000, 800, 320, 3.0000000000, 0.0003550950, 20.0000000000
1, 100, 0.3500000000, 800, 320, 3.0000000000, 0.0003629280, 20.0000000000
1, 100, 0.4000000000, 800, 320, 3.0000000000, 0.0004496690, 20.0000000000
1, 100, 0.4500000000, 800, 320, 3.0000000000, 0.0003640680, 20.0000000000
1, 100, 0.5000000000, 800, 320, 3.0000000000, 0.0004239010, 20.0000000000
1, 100, 0.5500000000, 800, 320, 3.0000000000, 0.0004282100, 20.0000000000
1, 100, 0.6000000000, 800, 320, 3.0000000000, 0.0003629340, 20.0000000000
1, 100, 0.6500000000, 800, 320, 3.0000000000, 0.0003516360, 20.0000000000
1, 100, 0.7000000000, 800, 320, 3.0000000000, 0.0003677720, 20.0000000000
1, 100, 0.7500000000, 800, 320, 3.0000000000, 0.0003603200, 20.0000000000
1, 100, 0.8000000000, 800, 320, 3.0000000000, 0.0003930790, 20.0000000000
1, 100, 0.8500000000, 800, 320, 3.0000000000, 0.0003649320, 20.0000000000
1, 100, 0.9000000000, 800, 320, 3.0000000000, 0.0003544620, 20.0000000000
1, 100, 0.9500000000, 800, 320, 3.0000000000, 0.0003831810, 20.0000000000
1, 1000, 0.1000000000, 8000, 3008, 3.0000000000, 0.0028168270, 21.2765960693
1, 1000, 0.1500000000, 8000, 3008, 3.0000000000, 0.0029002590, 21.2765960693
1, 1000, 0.2000000000, 8000, 3008, 3.0000000000, 0.0028056590, 21.2765960693
1, 1000, 0.2500000000, 8000, 3008, 3.0000000000, 0.0028612840, 21.2765960693
1, 1000, 0.3000000000, 8000, 3008, 3.0000000000, 0.0028174380, 21.2765960693
1, 1000, 0.3500000000, 8000, 3008, 3.0000000000, 0.0028118590, 21.2765960693
1, 1000, 0.4000000000, 8000, 3008, 3.0000000000, 0.0028328010, 21.2765960693
1, 1000, 0.4500000000, 8000, 3008, 3.0000000000, 0.0028424760, 21.2765960693
1, 1000, 0.5000000000, 8000, 3008, 3.0000000000, 0.0028706110, 21.2765960693
1, 1000, 0.5500000000, 8000, 3008, 3.0000000000, 0.0028860760, 21.2765960693
1, 1000, 0.6000000000, 8000, 3008, 3.0000000000, 0.0028698240, 21.2765960693
1, 1000, 0.6500000000, 8000, 3008, 3.0000000000, 0.0029128390, 21.2765960693
1, 1000, 0.7000000000, 8000, 3008, 3.0000000000, 0.0028854740, 21.2765960693
1, 1000, 0.7500000000, 8000, 3008, 3.0000000000, 0.0028753650, 21.2765960693
1, 1000, 0.8000000000, 8000, 3008, 3.0000000000, 0.0029081980, 21.2765960693
1, 1000, 0.8500000000, 8000, 3008, 3.0000000000, 0.0028970460, 21.2765960693
1, 1000, 0.9000000000, 8000, 3008, 3.0000000000, 0.0028668480, 21.2765960693
1, 1000, 0.9500000000, 8000, 3008, 3.0000000000, 0.0029673930, 21.2765960693
1, 10000, 0.1000000000, 80000, 30016, 3.0000000000, 0.0045034760, 21.3219623566
1, 10000, 0.1500000000, 80000, 30016, 3.0000000000, 0.0084451480, 21.3219623566
1, 10000, 0.2000000000, 80000, 30016, 3.0000000000, 0.0010997520, 21.3219623566
1, 10000, 0.2500000000, 80000, 30016, 3.0000000000, 0.0063801580, 21.3219623566
1, 10000, 0.3000000000, 80000, 30016, 3.0000000000, 0.0092456450, 21.3219623566
1, 10000, 0.3500000000, 80000, 30016, 3.0000000000, 0.0091176450, 21.3219623566
1, 10000, 0.4000000000, 80000, 30016, 3.0000000000, 0.0091346660, 21.3219623566
1, 10000, 0.4500000000, 80000, 30016, 3.0000000000, 0.0092102830, 21.3219623566
1, 10000, 0.5000000000, 80000, 30016, 3.0000000000, 0.0091787370, 21.3219623566
1, 10000, 0.5500000000, 80000, 30016, 3.0000000000, 0.0092774580, 21.3219623566
1, 10000, 0.6000000000, 80000, 30016, 3.0000000000, 0.0093081090, 21.3219623566
1, 10000, 0.6500000000, 80000, 30016, 3.0000000000, 0.0092583580, 21.3219623566
1, 10000, 0.7000000000, 80000, 30016, 3.0000000000, 0.0092253620, 21.3219623566
1, 10000, 0.7500000000, 80000, 30016, 3.0000000000, 0.0092623900, 21.3219623566
1, 10000, 0.8000000000, 80000, 30016, 3.0000000000, 0.0092717920, 21.3219623566
1, 10000, 0.8500000000, 80000, 30016, 3.0000000000, 0.0263121260, 21.3219623566
1, 10000, 0.9000000000, 80000, 30016, 3.0000000000, 0.0060366580, 21.3219623566
1, 10000, 0.9500000000, 80000, 30016, 3.0000000000, 0.0283010470, 21.3219623566
1, 100000, 0.1000000000, 800000, 300032, 3.0000000000, 0.0082070070, 21.3310585022
1, 100000, 0.1500000000, 800000, 300032, 3.0000000000, 0.0108100800, 21.3310585022
1, 100000, 0.2000000000, 800000, 300032, 3.0000000000, 0.0114009330, 21.3310585022
1, 100000, 0.2500000000, 800000, 300032, 3.0000000000, 0.0129323460, 21.3310585022
1, 100000, 0.3000000000, 800000, 300032, 3.0000000000, 0.0090810570, 21.3310585022
1, 100000, 0.3500000000, 800000, 300032, 3.0000000000, 0.0085614210, 21.3310585022
1, 100000, 0.4000000000, 800000, 300032, 3.0000000000, 0.0139242900, 21.3310585022
1, 100000, 0.4500000000, 800000, 300032, 3.0000000000, 0.0097694890, 21.3310585022
1, 100000, 0.5000000000, 800000, 300032, 3.0000000000, 0.0121714460, 21.3310585022
1, 100000, 0.5500000000, 800000, 300032, 3.0000000000, 0.0070895040, 21.3310585022
1, 100000, 0.6000000000, 800000, 300032, 3.0000000000, 0.0127544470, 21.3310585022
1, 100000, 0.6500000000, 800000, 300032, 3.0000000000, 0.0065439330, 21.3310585022
1, 100000, 0.7000000000, 800000, 300032, 3.0000000000, 0.0094463040, 21.3310585022
1, 100000, 0.7500000000, 800000, 300032, 3.0000000000, 0.0032965130, 21.3310585022
1, 100000, 0.8000000000, 800000, 300032, 3.0000000000, 0.0048394600, 21.3310585022
1, 100000, 0.8500000000, 800000, 300032, 3.0000000000, 0.0080783570, 21.3310585022
1, 100000, 0.9000000000, 800000, 300032, 3.0000000000, 0.0047829720, 21.3310585022
1, 100000, 0.9500000000, 800000, 300032, 3.0000000000, 0.0071688440, 21.3310585022
1, 1000000, 0.1000000000, 8000000, 3000000, 3.0000000000, 0.0092749480, 21.3333339691
1, 1000000, 0.1500000000, 8000000, 3000000, 3.0000000000, 0.0128529560, 21.3333339691
1, 1000000, 0.2000000000, 8000000, 3000000, 3.0000000000, 0.0061113390, 21.3333339691
1, 1000000, 0.2500000000, 8000000, 3000000, 3.0000000000, 0.0142483920, 21.3333339691
1, 1000000, 0.3000000000, 8000000, 3000000, 3.0000000000, 0.0129191190, 21.3333339691
1, 1000000, 0.3500000000, 8000000, 3000000, 3.0000000000, 0.0097813830, 21.3333339691
1, 1000000, 0.4000000000, 8000000, 3000000, 3.0000000000, 0.0082440250, 21.3333339691
1, 1000000, 0.4500000000, 8000000, 3000000, 3.0000000000, 0.0050554950, 21.3333339691
1, 1000000, 0.5000000000, 8000000, 3000000, 3.0000000000, 0.0576408230, 21.3333339691
1, 1000000, 0.5500000000, 8000000, 3000000, 3.0000000000, 0.0160006480, 21.3333339691
1, 1000000, 0.6000000000, 8000000, 3000000, 3.0000000000, 0.0058951420, 21.3333339691
1, 1000000, 0.6500000000, 8000000, 3000000, 3.0000000000, 0.0059506400, 21.3333339691
1, 1000000, 0.7000000000, 8000000, 3000000, 3.0000000000, 0.0146704890, 21.3333339691
1, 1000000, 0.7500000000, 8000000, 3000000, 3.0000000000, 0.0043814710, 21.3333339691
1, 1000000, 0.8000000000, 8000000, 3000000, 3.0000000000, 0.0034452690, 21.3333339691
1, 1000000, 0.8500000000, 8000000, 3000000, 3.0000000000, 0.0038510820, 21.3333339691
1, 1000000, 0.9000000000, 8000000, 3000000, 3.0000000000, 0.0032783820, 21.3333339691
1, 1000000, 0.9500000000, 8000000, 3000000, 3.0000000000, 0.0070580250, 21.3333339691
1, 10000000, 0.1000000000, 80000000, 30000000, 3.0000000000, 0.0582537230, 21.3333339691
1, 10000000, 0.1500000000, 80000000, 30000000, 3.0000000000, 0.0620516210, 21.3333339691
1, 10000000, 0.2000000000, 80000000, 30000000, 3.0000000000, 0.0487742680, 21.3333339691
1, 10000000, 0.2500000000, 80000000, 30000000, 3.0000000000, 0.0540355540, 21.3333339691
1, 10000000, 0.3000000000, 80000000, 30000000, 3.0000000000, 0.0529097750, 21.3333339691
1, 10000000, 0.3500000000, 80000000, 30000000, 3.0000000000, 0.0511936800, 21.3333339691
1, 10000000, 0.4000000000, 80000000, 30000000, 3.0000000000, 0.0485810340, 21.3333339691
1, 10000000, 0.4500000000, 80000000, 30000000, 3.0000000000, 0.0476999710, 21.3333339691
1, 10000000, 0.5000000000, 80000000, 30000000, 3.0000000000, 0.0470615240, 21.3333339691
1, 10000000, 0.5500000000, 80000000, 30000000, 3.0000000000, 0.0416122100, 21.3333339691
1, 10000000, 0.6000000000, 80000000, 30000000, 3.0000000000, 0.0472776440, 21.3333339691
1, 10000000, 0.6500000000, 80000000, 30000000, 3.0000000000, 0.0473782980, 21.3333339691
1, 10000000, 0.7000000000, 80000000, 30000000, 3.0000000000, 0.0472616980, 21.3333339691
1, 10000000, 0.7500000000, 80000000, 30000000, 3.0000000000, 0.0413961600, 21.3333339691
1, 10000000, 0.8000000000, 80000000, 30000000, 3.0000000000, 0.0431547120, 21.3333339691
1, 10000000, 0.8500000000, 80000000, 30000000, 3.0000000000, 0.0543050010, 21.3333339691
1, 10000000, 0.9000000000, 80000000, 30000000, 3.0000000000, 0.0552391920, 21.3333339691
1, 10000000, 0.9500000000, 80000000, 30000000, 3.0000000000, 0.0461909810, 21.3333339691
2, 1, 0.1000000000, 8, 64, 3.0000000000, 0.2493278560, 1.0000000000
2, 1, 0.1500000000, 8, 64, 3.0000000000, 0.0005360680, 1.0000000000
2, 1, 0.2000000000, 8, 64, 3.0000000000, 0.0005259670, 1.0000000000
2, 1, 0.2500000000, 8, 64, 3.0000000000, 0.0005296490, 1.0000000000
2, 1, 0.3000000000, 8, 64, 3.0000000000, 0.0005220360, 1.0000000000
2, 1, 0.3500000000, 8, 64, 3.0000000000, 0.0005201450, 1.0000000000
2, 1, 0.4000000000, 8, 64, 3.0000000000, 0.0005221100, 1.0000000000
2, 1, 0.4500000000, 8, 64, 3.0000000000, 0.0005186660, 1.0000000000
2, 1, 0.5000000000, 8, 64, 3.0000000000, 0.0005181920, 1.0000000000
2, 1, 0.5500000000, 8, 64, 3.0000000000, 0.0005185330, 1.0000000000
2, 1, 0.6000000000, 8, 64, 3.0000000000, 0.0005179990, 1.0000000000
2, 1, 0.6500000000, 8, 64, 3.0000000000, 0.0005197200, 1.0000000000
2, 1, 0.7000000000, 8, 64, 3.0000000000, 0.0005179830, 1.0000000000
2, 1, 0.7500000000, 8, 64, 3.0000000000, 0.0005263930, 1.0000000000
2, 1, 0.8000000000, 8, 64, 3.0000000000, 0.0005170150, 1.0000000000
2, 1, 0.8500000000, 8, 64, 3.0000000000, 0.0005164560, 1.0000000000
2, 1, 0.9000000000, 8, 64, 3.0000000000, 0.0005186190, 1.0000000000
2, 1, 0.9500000000, 8, 64, 3.0000000000, 0.0005230120, 1.0000000000
2, 10, 0.1000000000, 80, 64, 3.0000000000, 0.0005282000, 10.0000000000
2, 10, 0.1500000000, 80, 64, 3.0000000000, 0.0005152920, 10.0000000000
2, 10, 0.2000000000, 80, 64, 3.0000000000, 0.0005158210, 10.0000000000
2, 10, 0.2500000000, 80, 64, 3.0000000000, 0.0005161510, 10.0000000000
2, 10, 0.3000000000, 80, 64, 3.0000000000, 0.0005304010, 10.0000000000
2, 10, 0.3500000000, 80, 64, 3.0000000000, 0.0005236890, 10.0000000000
2, 10, 0.4000000000, 80, 64, 3.0000000000, 0.0005172190, 10.0000000000
2, 10, 0.4500000000, 80, 64, 3.0000000000, 0.0005176940, 10.0000000000
2, 10, 0.5000000000, 80, 64, 3.0000000000, 0.0005318670, 10.0000000000
2, 10, 0.5500000000, 80, 64, 3.0000000000, 0.0005341140, 10.0000000000
2, 10, 0.6000000000, 80, 64, 3.0000000000, 0.0005184890, 10.0000000000
2, 10, 0.6500000000, 80, 64, 3.0000000000, 0.0005182050, 10.0000000000
2, 10, 0.7000000000, 80, 64, 3.0000000000, 0.0005409820, 10.0000000000
2, 10, 0.7500000000, 80, 64, 3.0000000000, 0.0005183050, 10.0000000000
2, 10, 0.8000000000, 80, 64, 3.0000000000, 0.0005258450, 10.0000000000
2, 10, 0.8500000000, 80, 64, 3.0000000000, 0.0005177410, 10.0000000000
2, 10, 0.9000000000, 80, 64, 3.0000000000, 0.0005184230, 10.0000000000
2, 10, 0.9500000000, 80, 64, 3.0000000000, 0.0005188850, 10.0000000000
2, 100, 0.1000000000, 800, 320, 3.0000000000, 0.0005166440, 20.0000000000
2, 100, 0.1500000000, 800, 320, 3.0000000000, 0.0005177470, 20.0000000000
2, 100, 0.2000000000, 800, 320, 3.0000000000, 0.0005179360, 20.0000000000
2, 100, 0.2500000000, 800, 320, 3.0000000000, 0.0005200370, 20.0000000000
2, 100, 0.3000000000, 800, 320, 3.0000000000, 0.0005166860, 20.0000000000
2, 100, 0.3500000000, 800, 320, 3.0000000000, 0.0005172760, 20.0000000000
2, 100, 0.4000000000, 800, 320, 3.0000000000, 0.0005162040, 20.0000000000
2, 100, 0.4500000000, 800, 320, 3.0000000000, 0.0005173050, 20.0000000000
2, 100, 0.5000000000, 800, 320, 3.0000000000, 0.0005166000, 20.0000000000
2, 100, 0.5500000000, 800, 320, 3.0000000000, 0.0005171610, 20.0000000000
2, 100, 0.6000000000, 800, 320, 3.0000000000, 0.0005175140, 20.0000000000
2, 100, 0.6500000000, 800, 320, 3.0000000000, 0.0005150200, 20.0000000000
2, 100, 0.7000000000, 800, 320, 3.0000000000, 0.0005159710, 20.0000000000
2, 100, 0.7500000000, 800, 320, 3.0000000000, 0.0005255670, 20.0000000000
2, 100, 0.8000000000, 800, 320, 3.0000000000, 0.0005188910, 20.0000000000
2, 100, 0.8500000000, 800, 320, 3.0000000000, 0.0005155760, 20.0000000000
2, 100, 0.9000000000, 800, 320, 3.0000000000, 0.0005227950, 20.0000000000
2, 100, 0.9500000000, 800, 320, 3.0000000000, 0.0005186530, 20.0000000000
2, 1000, 0.1000000000, 8000, 3008, 3.0000000000, 0.0005162280, 21.2765960693
2, 1000, 0.1500000000, 8000, 3008, 3.0000000000, 0.0005258560, 21.2765960693
2, 1000, 0.2000000000, 8000, 3008, 3.0000000000, 0.0005173050, 21.2765960693
2, 1000, 0.2500000000, 8000, 3008, 3.0000000000, 0.0005291040, 21.2765960693
2, 1000, 0.3000000000, 8000, 3008, 3.0000000000, 0.0005185490, 21.2765960693
2, 1000, 0.3500000000, 8000, 3008, 3.0000000000, 0.0005181230, 21.2765960693
2, 1000, 0.4000000000, 8000, 3008, 3.0000000000, 0.0005247970, 21.2765960693
2, 1000, 0.4500000000, 8000, 3008, 3.0000000000, 0.0005197470, 21.2765960693
2, 1000, 0.5000000000, 8000, 3008, 3.0000000000, 0.0005175180, 21.2765960693
2, 1000, 0.5500000000, 8000, 3008, 3.0000000000, 0.0005172440, 21.2765960693
2, 1000, 0.6000000000, 8000, 3008, 3.0000000000, 0.0005163170, 21.2765960693
2, 1000, 0.6500000000, 8000, 3008, 3.0000000000, 0.0005177250, 21.2765960693
2, 1000, 0.7000000000, 8000, 3008, 3.0000000000, 0.0005186300, 21.2765960693
2, 1000, 0.7500000000, 8000, 3008, 3.0000000000, 0.0005167330, 21.2765960693
2, 1000, 0.8000000000, 8000, 3008, 3.0000000000, 0.0005174870, 21.2765960693
2, 1000, 0.8500000000, 8000, 3008, 3.0000000000, 0.0005187640, 21.2765960693
2, 1000, 0.9000000000, 8000, 3008, 3.0000000000, 0.0005159360, 21.2765960693
2, 1000, 0.9500000000, 8000, 3008, 3.0000000000, 0.0005196810, 21.2765960693
2, 10000, 0.1000000000, 80000, 30016, 3.0000000000, 0.0005306500, 21.3219623566
2, 10000, 0.1500000000, 80000, 30016, 3.0000000000, 0.0005265400, 21.3219623566
2, 10000, 0.2000000000, 80000, 30016, 3.0000000000, 0.0005269490, 21.3219623566
2, 10000, 0.2500000000, 80000, 30016, 3.0000000000, 0.0005365300, 21.3219623566
2, 10000, 0.3000000000, 80000, 30016, 3.0000000000, 0.0005368870, 21.3219623566
2, 10000, 0.3500000000, 80000, 30016, 3.0000000000, 0.0005341920, 21.3219623566
2, 10000, 0.4000000000, 80000, 30016, 3.0000000000, 0.0005294330, 21.3219623566
2, 10000, 0.4500000000, 80000, 30016, 3.0000000000, 0.0005307150, 21.3219623566
2, 10000, 0.5000000000, 80000, 30016, 3.0000000000, 0.0005288220, 21.3219623566
2, 10000, 0.5500000000, 80000, 30016, 3.0000000000, 0.0005284570, 21.3219623566
2, 10000, 0.6000000000, 80000, 30016, 3.0000000000, 0.0005279380, 21.3219623566
2, 10000, 0.6500000000, 80000, 30016, 3.0000000000, 0.0005270370, 21.3219623566
2, 10000, 0.7000000000, 80000, 30016, 3.0000000000, 0.0005272290, 21.3219623566
2, 10000, 0.7500000000, 80000, 30016, 3.0000000000, 0.0005292060, 21.3219623566
2, 10000, 0.8000000000, 80000, 30016, 3.0000000000, 0.0005272330, 21.3219623566
2, 10000, 0.8500000000, 80000, 30016, 3.0000000000, 0.0005270160, 21.3219623566
2, 10000, 0.9000000000, 80000, 30016, 3.0000000000, 0.0005260330, 21.3219623566
2, 10000, 0.9500000000, 80000, 30016, 3.0000000000, 0.0005274280, 21.3219623566
2, 100000, 0.1000000000, 800000, 300032, 3.0000000000, 0.0005667720, 21.3310585022
2, 100000, 0.1500000000, 800000, 300032, 3.0000000000, 0.0005571110, 21.3310585022
2, 100000, 0.2000000000, 800000, 300032, 3.0000000000, 0.0005555390, 21.3310585022
2, 100000, 0.2500000000, 800000, 300032, 3.0000000000, 0.0005540540, 21.3310585022
2, 100000, 0.3000000000, 800000, 300032, 3.0000000000, 0.0005527470, 21.3310585022
2, 100000, 0.3500000000, 800000, 300032, 3.0000000000, 0.0005518370, 21.3310585022
2, 100000, 0.4000000000, 800000, 300032, 3.0000000000, 0.0005491970, 21.3310585022
2, 100000, 0.4500000000, 800000, 300032, 3.0000000000, 0.0005513810, 21.3310585022
2, 100000, 0.5000000000, 800000, 300032, 3.0000000000, 0.0005489040, 21.3310585022
2, 100000, 0.5500000000, 800000, 300032, 3.0000000000, 0.0005507400, 21.3310585022
2, 100000, 0.6000000000, 800000, 300032, 3.0000000000, 0.0005562220, 21.3310585022
2, 100000, 0.6500000000, 800000, 300032, 3.0000000000, 0.0005710410, 21.3310585022
2, 100000, 0.7000000000, 800000, 300032, 3.0000000000, 0.0005499350, 21.3310585022
2, 100000, 0.7500000000, 800000, 300032, 3.0000000000, 0.0005504120, 21.3310585022
2, 100000, 0.8000000000, 800000, 300032, 3.0000000000, 0.0005621520, 21.3310585022
2, 100000, 0.8500000000, 800000, 300032, 3.0000000000, 0.0005493450, 21.3310585022
2, 100000, 0.9000000000, 800000, 300032, 3.0000000000, 0.0005627540, 21.3310585022
2, 100000, 0.9500000000, 800000, 300032, 3.0000000000, 0.0005512090, 21.3310585022
2, 1000000, 0.1000000000, 8000000, 3000000, 3.0000000000, 0.0018308390, 21.3333339691
2, 1000000, 0.1500000000, 8000000, 3000000, 3.0000000000, 0.0020574510, 21.3333339691
2, 1000000, 0.2000000000, 8000000, 3000000, 3.0000000000, 0.0021968490, 21.3333339691
2, 1000000, 0.2500000000, 8000000, 3000000, 3.0000000000, 0.0017623150, 21.3333339691
2, 1000000, 0.3000000000, 8000000, 3000000, 3.0000000000, 0.0017270440, 21.3333339691
2, 1000000, 0.3500000000, 8000000, 3000000, 3.0000000000, 0.0017067210, 21.3333339691
2, 1000000, 0.4000000000, 8000000, 3000000, 3.0000000000, 0.0018961340, 21.3333339691
2, 1000000, 0.4500000000, 8000000, 3000000, 3.0000000000, 0.0017702970, 21.3333339691
2, 1000000, 0.5000000000, 8000000, 3000000, 3.0000000000, 0.0021712080, 21.3333339691
2, 1000000, 0.5500000000, 8000000, 3000000, 3.0000000000, 0.0020966450, 21.3333339691
2, 1000000, 0.6000000000, 8000000, 3000000, 3.0000000000, 0.0022489670, 21.3333339691
2, 1000000, 0.6500000000, 8000000, 3000000, 3.0000000000, 0.0021303420, 21.3333339691
2, 1000000, 0.7000000000, 8000000, 3000000, 3.0000000000, 0.0022179490, 21.3333339691
2, 1000000, 0.7500000000, 8000000, 3000000, 3.0000000000, 0.0021935020, 21.3333339691
2, 1000000, 0.8000000000, 8000000, 3000000, 3.0000000000, 0.0019679910, 21.3333339691
2, 1000000, 0.8500000000, 8000000, 3000000, 3.0000000000, 0.0022811820, 21.3333339691
2, 1000000, 0.9000000000, 8000000, 3000000, 3.0000000000, 0.0020852840, 21.3333339691
2, 1000000, 0.9500000000, 8000000, 3000000, 3.0000000000, 0.0023647660, 21.3333339691
2, 10000000, 0.1000000000, 80000000, 30000000, 3.0000000000, 0.0099613370, 21.3333339691
2, 10000000, 0.1500000000, 80000000, 30000000, 3.0000000000, 0.0108929750, 21.3333339691
2, 10000000, 0.2000000000, 80000000, 30000000, 3.0000000000, 0.0096120200, 21.3333339691
2, 10000000, 0.2500000000, 80000000, 30000000, 3.0000000000, 0.0105802420, 21.3333339691
2, 10000000, 0.3000000000, 80000000, 30000000, 3.0000000000, 0.0097472620, 21.3333339691
2, 10000000, 0.3500000000, 80000000, 30000000, 3.0000000000, 0.0113545430, 21.3333339691
2, 10000000, 0.4000000000, 80000000, 30000000, 3.0000000000, 0.0096281040, 21.3333339691
2, 10000000, 0.4500000000, 80000000, 30000000, 3.0000000000, 0.0096796020, 21.3333339691
2, 10000000, 0.5000000000, 80000000, 30000000, 3.0000000000, 0.0108768470, 21.3333339691
2, 10000000, 0.5500000000, 80000000, 30000000, 3.0000000000, 0.0096620450, 21.3333339691
2, 10000000, 0.6000000000, 80000000, 30000000, 3.0000000000, 0.0096084020, 21.3333339691
2, 10000000, 0.6500000000, 80000000, 30000000, 3.0000000000, 0.0096472360, 21.3333339691
2, 10000000, 0.7000000000, 80000000, 30000000, 3.0000000000, 0.0105750400, 21.3333339691
2, 10000000, 0.7500000000, 80000000, 30000000, 3.0000000000, 0.0096179260, 21.3333339691
2, 10000000, 0.8000000000, 80000000, 30000000, 3.0000000000, 0.0096835270, 21.3333339691
2, 10000000, 0.8500000000, 80000000, 30000000, 3.0000000000, 0.0096845020, 21.3333339691
2, 10000000, 0.9000000000, 80000000, 30000000, 3.0000000000, 0.0096446340, 21.3333339691
2, 10000000, 0.9500000000, 80000000, 30000000, 3.0000000000, 0.0105397000, 21.3333339691
