0, 1, 0.0100000000, 8, 8, 3.0000000000, 0.0000059310, 1.0000000000
0, 1, 0.5100000000, 8, 8, 3.0000000000, 0.0000002870, 1.0000000000
0, 1, 1.0100000000, 8, 8, 3.0000000000, 0.0000001640, 1.0000000000
0, 1, 1.5100000000, 8, 8, 3.0000000000, 0.0000001540, 1.0000000000
0, 1, 2.0100000000, 8, 8, 3.0000000000, 0.0000001550, 1.0000000000
0, 1, 2.5100000000, 8, 8, 3.0000000000, 0.0000001500, 1.0000000000
0, 1, 3.0100000000, 8, 8, 3.0000000000, 0.0000001500, 1.0000000000
0, 1, 3.5100000000, 8, 8, 3.5000000000, 0.0000003670, 1.0000000000
0, 1, 4.0100000000, 8, 8, 4.0000000000, 0.0000001860, 1.0000000000
0, 1, 4.5100000000, 8, 8, 4.5000000000, 0.0000002010, 1.0000000000
0, 1, 5.0100000000, 8, 8, 5.0000000000, 0.0000002010, 1.0000000000
0, 1, 5.5100000000, 8, 8, 5.5000000000, 0.0000001970, 1.0000000000
0, 1, 6.0100000000, 8, 8, 6.0000000000, 0.0000001860, 1.0000000000
0, 1, 6.5100000000, 8, 8, 6.5000000000, 0.0000001940, 1.0000000000
0, 1, 7.0100000000, 8, 8, 7.0000000000, 0.0000001970, 1.0000000000
0, 1, 7.5100000000, 8, 8, 7.5000000000, 0.0000001960, 1.0000000000
0, 1, 8.0100000000, 8, 8, 8.0000000000, 0.0000002030, 1.0000000000
0, 1, 8.5100000000, 8, 8, 8.5000000000, 0.0000002010, 1.0000000000
0, 1, 9.0100000000, 8, 8, 9.0000000000, 0.0000002080, 1.0000000000
0, 1, 9.5100000000, 8, 8, 9.5000000000, 0.0000002130, 1.0000000000
0, 10, 0.0100000000, 80, 8, 3.0000000000, 0.0000011660, 10.0000000000
0, 10, 0.5100000000, 80, 8, 3.0000000000, 0.0000002330, 10.0000000000
0, 10, 1.0100000000, 80, 8, 3.0000000000, 0.0000002170, 10.0000000000
0, 10, 1.5100000000, 80, 8, 3.0000000000, 0.0000002150, 10.0000000000
0, 10, 2.0100000000, 80, 8, 3.0000000000, 0.0000002190, 10.0000000000
0, 10, 2.5100000000, 80, 8, 3.0000000000, 0.0000002190, 10.0000000000
0, 10, 3.0100000000, 80, 8, 3.0000000000, 0.0000002130, 10.0000000000
0, 10, 3.5100000000, 80, 8, 3.5000000000, 0.0000002970, 10.0000000000
0, 10, 4.0100000000, 80, 8, 4.0000000000, 0.0000003160, 10.0000000000
0, 10, 4.5100000000, 80, 8, 4.5000000000, 0.0000003280, 10.0000000000
0, 10, 5.0100000000, 80, 8, 5.0000000000, 0.0000003340, 10.0000000000
0, 10, 5.5100000000, 80, 16, 5.5000000000, 0.0000004430, 5.0000000000
0, 10, 6.0100000000, 80, 16, 6.0000000000, 0.0000004380, 5.0000000000
0, 10, 6.5100000000, 80, 16, 6.5000000000, 0.0000004050, 5.0000000000
0, 10, 7.0100000000, 80, 16, 7.0000000000, 0.0000005140, 5.0000000000
0, 10, 7.5100000000, 80, 16, 7.5000000000, 0.0000004900, 5.0000000000
0, 10, 8.0100000000, 80, 16, 8.0000000000, 0.0000005040, 5.0000000000
0, 10, 8.5100000000, 80, 16, 8.5000000000, 0.0000004980, 5.0000000000
0, 10, 9.0100000000, 80, 16, 9.0000000000, 0.0000004830, 5.0000000000
0, 10, 9.5100000000, 80, 16, 9.5000000000, 0.0000004750, 5.0000000000
0, 100, 0.0100000000, 800, 40, 3.0000000000, 0.0000009000, 20.0000000000
0, 100, 0.5100000000, 800, 40, 3.0000000000, 0.0000008870, 20.0000000000
0, 100, 1.0100000000, 800, 40, 3.0000000000, 0.0000008650, 20.0000000000
0, 100, 1.5100000000, 800, 40, 3.0000000000, 0.0000008730, 20.0000000000
0, 100, 2.0100000000, 800, 40, 3.0000000000, 0.0000008710, 20.0000000000
0, 100, 2.5100000000, 800, 40, 3.0000000000, 0.0000008580, 20.0000000000
0, 100, 3.0100000000, 800, 40, 3.0000000000, 0.0000008650, 20.0000000000
0, 100, 3.5100000000, 800, 48, 3.5000000000, 0.0000011870, 16.6666660309
0, 100, 4.0100000000, 800, 56, 4.0000000000, 0.0000015130, 14.2857141495
0, 100, 4.5100000000, 800, 64, 4.5000000000, 0.0000016750, 12.5000000000
0, 100, 5.0100000000, 800, 64, 5.0000000000, 0.0000019550, 12.5000000000
0, 100, 5.5100000000, 800, 72, 5.5000000000, 0.0000022260, 11.1111106873
0, 100, 6.0100000000, 800, 80, 6.0000000000, 0.0000021210, 10.0000000000
0, 100, 6.5100000000, 800, 88, 6.5000000000, 0.0000023520, 9.0909090042
0, 100, 7.0100000000, 800, 88, 7.0000000000, 0.0000023300, 9.0909090042
0, 100, 7.5100000000, 800, 96, 7.5000000000, 0.0000022830, 8.3333330154
0, 100, 8.0100000000, 800, 104, 8.0000000000, 0.0000025780, 7.6923074722
0, 100, 8.5100000000, 800, 112, 8.5000000000, 0.0000026250, 7.1428570747
0, 100, 9.0100000000, 800, 120, 9.0000000000, 0.0000028370, 6.6666665077
0, 100, 9.5100000000, 800, 120, 9.5000000000, 0.0000028790, 6.6666665077
0, 1000, 0.0100000000, 8000, 376, 3.0000000000, 0.0000074430, 21.2765960693
0, 1000, 0.5100000000, 8000, 376, 3.0000000000, 0.0000074650, 21.2765960693
0, 1000, 1.0100000000, 8000, 376, 3.0000000000, 0.0000083530, 21.2765960693
0, 1000, 1.5100000000, 8000, 376, 3.0000000000, 0.0000074330, 21.2765960693
0, 1000, 2.0100000000, 8000, 376, 3.0000000000, 0.0000074340, 21.2765960693
0, 1000, 2.5100000000, 8000, 376, 3.0000000000, 0.0000074270, 21.2765960693
0, 1000, 3.0100000000, 8000, 376, 3.0000000000, 0.0000074430, 21.2765960693
0, 1000, 3.5100000000, 8000, 440, 3.5000000000, 0.0000101910, 18.1818180084
0, 1000, 4.0100000000, 8000, 504, 4.0000000000, 0.0000118840, 15.8730154037
0, 1000, 4.5100000000, 8000, 568, 4.5000000000, 0.0000137340, 14.0845069885
0, 1000, 5.0100000000, 8000, 632, 5.0000000000, 0.0000164200, 12.6582279205
0, 1000, 5.5100000000, 8000, 688, 5.5000000000, 0.0000190560, 11.6279067993
0, 1000, 6.0100000000, 8000, 752, 6.0000000000, 0.0000199310, 10.6382980347
0, 1000, 6.5100000000, 8000, 816, 6.5000000000, 0.0000209520, 9.8039216995
0, 1000, 7.0100000000, 8000, 880, 7.0000000000, 0.0000220090, 9.0909090042
0, 1000, 7.5100000000, 8000, 944, 7.5000000000, 0.0000231960, 8.4745759964
0, 1000, 8.0100000000, 8000, 1000, 8.0000000000, 0.0000235330, 8.0000000000
0, 1000, 8.5100000000, 8000, 1064, 8.5000000000, 0.0000253020, 7.5187969208
0, 1000, 9.0100000000, 8000, 1128, 9.0000000000, 0.0000253610, 7.0921983719
0, 1000, 9.5100000000, 8000, 1192, 9.5000000000, 0.0000263380, 6.7114095688
0, 10000, 0.0100000000, 80000, 3752, 3.0000000000, 0.0000729130, 21.3219623566
0, 10000, 0.5100000000, 80000, 3752, 3.0000000000, 0.0000738290, 21.3219623566
0, 10000, 1.0100000000, 80000, 3752, 3.0000000000, 0.0000728350, 21.3219623566
0, 10000, 1.5100000000, 80000, 3752, 3.0000000000, 0.0000729190, 21.3219623566
0, 10000, 2.0100000000, 80000, 3752, 3.0000000000, 0.0000729250, 21.3219623566
0, 10000, 2.5100000000, 80000, 3752, 3.0000000000, 0.0000729720, 21.3219623566
0, 10000, 3.0100000000, 80000, 3752, 3.0000000000, 0.0000728550, 21.3219623566
0, 10000, 3.5100000000, 80000, 4376, 3.5000000000, 0.0001012250, 18.2815361023
0, 10000, 4.0100000000, 80000, 5000, 4.0000000000, 0.0001149680, 16.0000000000
0, 10000, 4.5100000000, 80000, 5632, 4.5000000000, 0.0001346140, 14.2045450211
0, 10000, 5.0100000000, 80000, 6256, 5.0000000000, 0.0001582440, 12.7877235413
0, 10000, 5.5100000000, 80000, 6880, 5.5000000000, 0.0001815850, 11.6279067993
0, 10000, 6.0100000000, 80000, 7504, 6.0000000000, 0.0001948090, 10.6609811783
0, 10000, 6.5100000000, 80000, 8128, 6.5000000000, 0.0002061700, 9.8425197601
0, 10000, 7.0100000000, 80000, 8752, 7.0000000000, 0.0002146460, 9.1407680511
0, 10000, 7.5100000000, 80000, 9376, 7.5000000000, 0.0002224830, 8.5324230194
0, 10000, 8.0100000000, 80000, 10000, 8.0000000000, 0.0002275250, 8.0000000000
0, 10000, 8.5100000000, 80000, 10632, 8.5000000000, 0.0002408620, 7.5244545937
0, 10000, 9.0100000000, 80000, 11256, 9.0000000000, 0.0002497390, 7.1073203087
0, 10000, 9.5100000000, 80000, 11880, 9.5000000000, 0.0002511240, 6.7340068817
0, 100000, 0.0100000000, 800000, 37504, 3.0000000000, 0.0007280970, 21.3310585022
0, 100000, 0.5100000000, 800000, 37504, 3.0000000000, 0.0007311510, 21.3310585022
0, 100000, 1.0100000000, 800000, 37504, 3.0000000000, 0.0007282270, 21.3310585022
0, 100000, 1.5100000000, 800000, 37504, 3.0000000000, 0.0007276920, 21.3310585022
0, 100000, 2.0100000000, 800000, 37504, 3.0000000000, 0.0007277520, 21.3310585022
0, 100000, 2.5100000000, 800000, 37504, 3.0000000000, 0.0007298660, 21.3310585022
0, 100000, 3.0100000000, 800000, 37504, 3.0000000000, 0.0007304210, 21.3310585022
0, 100000, 3.5100000000, 800000, 43752, 3.5000000000, 0.0010099220, 18.2848777771
0, 100000, 4.0100000000, 800000, 50000, 4.0000000000, 0.0011417390, 16.0000000000
0, 100000, 4.5100000000, 800000, 56256, 4.5000000000, 0.0013410960, 14.2207050323
0, 100000, 5.0100000000, 800000, 62504, 5.0000000000, 0.0015760530, 12.7991809845
0, 100000, 5.5100000000, 800000, 68752, 5.5000000000, 0.0018027190, 11.6360254288
0, 100000, 6.0100000000, 800000, 75000, 6.0000000000, 0.0019174980, 10.6666669846
0, 100000, 6.5100000000, 800000, 81256, 6.5000000000, 0.0020270960, 9.8454265594
0, 100000, 7.0100000000, 800000, 87504, 7.0000000000, 0.0021134070, 9.1424388885
0, 100000, 7.5100000000, 800000, 93752, 7.5000000000, 0.0022006300, 8.5331516266
0, 100000, 8.0100000000, 800000, 100000, 8.0000000000, 0.0022494080, 8.0000000000
0, 100000, 8.5100000000, 800000, 106256, 8.5000000000, 0.0023535660, 7.5289864540
0, 100000, 9.0100000000, 800000, 112504, 9.0000000000, 0.0024202040, 7.1108584404
0, 100000, 9.5100000000, 800000, 118752, 9.5000000000, 0.0024833310, 6.7367286682
0, 1000000, 0.0100000000, 8000000, 375000, 3.0000000000, 0.0072988460, 21.3333339691
0, 1000000, 0.5100000000, 8000000, 375000, 3.0000000000, 0.0073140210, 21.3333339691
0, 1000000, 1.0100000000, 8000000, 375000, 3.0000000000, 0.0073057600, 21.3333339691
0, 1000000, 1.5100000000, 8000000, 375000, 3.0000000000, 0.0073038300, 21.3333339691
0, 1000000, 2.0100000000, 8000000, 375000, 3.0000000000, 0.0072974820, 21.3333339691
0, 1000000, 2.5100000000, 8000000, 375000, 3.0000000000, 0.0072964710, 21.3333339691
0, 1000000, 3.0100000000, 8000000, 375000, 3.0000000000, 0.0073030080, 21.3333339691
0, 1000000, 3.5100000000, 8000000, 437504, 3.5000000000, 0.0101015360, 18.2855472565
0, 1000000, 4.0100000000, 8000000, 500000, 4.0000000000, 0.0114397660, 16.0000000000
0, 1000000, 4.5100000000, 8000000, 562504, 4.5000000000, 0.0134158350, 14.2221212387
0, 1000000, 5.0100000000, 8000000, 625000, 5.0000000000, 0.0157096350, 12.8000001907
0, 1000000, 5.5100000000, 8000000, 687504, 5.5000000000, 0.0179185830, 11.6362962723
0, 1000000, 6.0100000000, 8000000, 750000, 6.0000000000, 0.0190893490, 10.6666669846
0, 1000000, 6.5100000000, 8000000, 812504, 6.5000000000, 0.0201356780, 9.8461055756
0, 1000000, 7.0100000000, 8000000, 875000, 7.0000000000, 0.0209906570, 9.1428575516
0, 1000000, 7.5100000000, 8000000, 937504, 7.5000000000, 0.0219090660, 8.5332965851
0, 1000000, 8.0100000000, 8000000, 1000000, 8.0000000000, 0.0224345660, 8.0000000000
0, 1000000, 8.5100000000, 8000000, 1062504, 8.5000000000, 0.0234402730, 7.5293831825
0, 1000000, 9.0100000000, 8000000, 1125000, 9.0000000000, 0.0240071600, 7.1111111641
0, 1000000, 9.5100000000, 8000000, 1187504, 9.5000000000, 0.0246708960, 6.7368192673
0, 10000000, 0.0100000000, 80000000, 3750000, 3.0000000000, 0.0728185590, 21.3333339691
0, 10000000, 0.5100000000, 80000000, 3750000, 3.0000000000, 0.0727995160, 21.3333339691
0, 10000000, 1.0100000000, 80000000, 3750000, 3.0000000000, 0.0727976970, 21.3333339691
0, 10000000, 1.5100000000, 80000000, 3750000, 3.0000000000, 0.0727899370, 21.3333339691
0, 10000000, 2.0100000000, 80000000, 3750000, 3.0000000000, 0.0728032490, 21.3333339691
0, 10000000, 2.5100000000, 80000000, 3750000, 3.0000000000, 0.0728997100, 21.3333339691
0, 10000000, 3.0100000000, 80000000, 3750000, 3.0000000000, 0.0728069420, 21.3333339691
0, 10000000, 3.5100000000, 80000000, 4375000, 3.5000000000, 0.1008813580, 18.2857151031
0, 10000000, 4.0100000000, 80000000, 5000000, 4.0000000000, 0.1144628990, 16.0000000000
0, 10000000, 4.5100000000, 80000000, 5625000, 4.5000000000, 0.1340603620, 14.2222223282
0, 10000000, 5.0100000000, 80000000, 6250000, 5.0000000000, 0.1571681550, 12.8000001907
0, 10000000, 5.5100000000, 80000000, 6875000, 5.5000000000, 0.1791779280, 11.6363639832
0, 10000000, 6.0100000000, 80000000, 7500000, 6.0000000000, 0.1907523910, 10.6666669846
0, 10000000, 6.5100000000, 80000000, 8125000, 6.5000000000, 0.2019941720, 9.8461542130
0, 10000000, 7.0100000000, 80000000, 8750000, 7.0000000000, 0.2105283480, 9.1428575516
0, 10000000, 7.5100000000, 80000000, 9375000, 7.5000000000, 0.2193539980, 8.5333337784
0, 10000000, 8.0100000000, 80000000, 10000000, 8.0000000000, 0.2248814800, 8.0000000000
0, 10000000, 8.5100000000, 80000000, 10625000, 8.5000000000, 0.2348706910, 7.5294117928
0, 10000000, 9.0100000000, 80000000, 11250000, 9.0000000000, 0.2409970920, 7.1111111641
0, 10000000, 9.5100000000, 80000000, 11875000, 9.5000000000, 0.2472655910, 6.7368421555
1, 1, 0.0100000000, 8, 8, 3.0000000000, 0.0166987620, 1.0000000000
1, 1, 0.5100000000, 8, 8, 3.0000000000, 0.0012376260, 1.0000000000
1, 1, 1.0100000000, 8, 8, 3.0000000000, 0.0010399480, 1.0000000000
1, 1, 1.5100000000, 8, 8, 3.0000000000, 0.0008680400, 1.0000000000
1, 1, 2.0100000000, 8, 8, 3.0000000000, 0.0009816690, 1.0000000000
1, 1, 2.5100000000, 8, 8, 3.0000000000, 0.0007026030, 1.0000000000
1, 1, 3.0100000000, 8, 8, 3.0000000000, 0.0005983260, 1.0000000000
1, 1, 3.5100000000, 8, 8, 3.5000000000, 0.0004541630, 1.0000000000
1, 1, 4.0100000000, 8, 8, 4.0000000000, 0.0004614240, 1.0000000000
1, 1, 4.5100000000, 8, 8, 4.5000000000, 0.0004529290, 1.0000000000
1, 1, 5.0100000000, 8, 8, 5.0000000000, 0.0004674380, 1.0000000000
1, 1, 5.5100000000, 8, 8, 5.5000000000, 0.0004972410, 1.0000000000
1, 1, 6.0100000000, 8, 8, 6.0000000000, 0.0004422750, 1.0000000000
1, 1, 6.5100000000, 8, 8, 6.5000000000, 0.0004332890, 1.0000000000
1, 1, 7.0100000000, 8, 8, 7.0000000000, 0.0004829450, 1.0000000000
1, 1, 7.5100000000, 8, 8, 7.5000000000, 0.0005770710, 1.0000000000
1, 1, 8.0100000000, 8, 8, 8.0000000000, 0.0005032940, 1.0000000000
1, 1, 8.5100000000, 8, 8, 8.5000000000, 0.0004367470, 1.0000000000
1, 1, 9.0100000000, 8, 8, 9.0000000000, 0.0004400780, 1.0000000000
1, 1, 9.5100000000, 8, 8, 9.5000000000, 0.0004452300, 1.0000000000
1, 10, 0.0100000000, 80, 8, 3.0000000000, 0.0004938790, 10.0000000000
1, 10, 0.5100000000, 80, 8, 3.0000000000, 0.0003988540, 10.0000000000
1, 10, 1.0100000000, 80, 8, 3.0000000000, 0.0005626840, 10.0000000000
1, 10, 1.5100000000, 80, 8, 3.0000000000, 0.0003992920, 10.0000000000
1, 10, 2.0100000000, 80, 8, 3.0000000000, 0.0004555750, 10.0000000000
1, 10, 2.5100000000, 80, 8, 3.0000000000, 0.0005140560, 10.0000000000
1, 10, 3.0100000000, 80, 8, 3.0000000000, 0.0004465930, 10.0000000000
1, 10, 3.5100000000, 80, 8, 3.5000000000, 0.0005347670, 10.0000000000
1, 10, 4.0100000000, 80, 8, 4.0000000000, 0.0004191590, 10.0000000000
1, 10, 4.5100000000, 80, 8, 4.5000000000, 0.0004322170, 10.0000000000
1, 10, 5.0100000000, 80, 8, 5.0000000000, 0.0004122520, 10.0000000000
1, 10, 5.5100000000, 80, 16, 5.5000000000, 0.0004515030, 5.0000000000
1, 10, 6.0100000000, 80, 16, 6.0000000000, 0.0004903350, 5.0000000000
1, 10, 6.5100000000, 80, 16, 6.5000000000, 0.0004910020, 5.0000000000
1, 10, 7.0100000000, 80, 16, 7.0000000000, 0.0003899170, 5.0000000000
1, 10, 7.5100000000, 80, 16, 7.5000000000, 0.0004548310, 5.0000000000
1, 10, 8.0100000000, 80, 16, 8.0000000000, 0.0006032570, 5.0000000000
1, 10, 8.5100000000, 80, 16, 8.5000000000, 0.0005645210, 5.0000000000
1, 10, 9.0100000000, 80, 16, 9.0000000000, 0.0004321440, 5.0000000000
1, 10, 9.5100000000, 80, 16, 9.5000000000, 0.0005230040, 5.0000000000
1, 100, 0.0100000000, 800, 40, 3.0000000000, 0.0005607780, 20.0000000000
1, 100, 0.5100000000, 800, 40, 3.0000000000, 0.0005648620, 20.0000000000
1, 100, 1.0100000000, 800, 40, 3.0000000000, 0.0005934330, 20.0000000000
1, 100, 1.5100000000, 800, 40, 3.0000000000, 0.0004926190, 20.0000000000
1, 100, 2.0100000000, 800, 40, 3.0000000000, 0.0004354800, 20.0000000000
1, 100, 2.5100000000, 800, 40, 3.0000000000, 0.0004810410, 20.0000000000
1, 100, 3.0100000000, 800, 40, 3.0000000000, 0.0003892550, 20.0000000000
1, 100, 3.5100000000, 800, 48, 3.5000000000, 0.0004984180, 16.6666660309
1, 100, 4.0100000000, 800, 56, 4.0000000000, 0.0004718770, 14.2857141495
1, 100, 4.5100000000, 800, 64, 4.5000000000, 0.0004539650, 12.5000000000
1, 100, 5.0100000000, 800, 64, 5.0000000000, 0.0004822990, 12.5000000000
1, 100, 5.5100000000, 800, 72, 5.5000000000, 0.0004208340, 11.1111106873
1, 100, 6.0100000000, 800, 80, 6.0000000000, 0.0004443800, 10.0000000000
1, 100, 6.5100000000, 800, 88, 6.5000000000, 0.0005040440, 9.0909090042
1, 100, 7.0100000000, 800, 88, 7.0000000000, 0.0004782850, 9.0909090042
1, 100, 7.5100000000, 800, 96, 7.5000000000, 0.0004992200, 8.3333330154
1, 100, 8.0100000000, 800, 104, 8.0000000000, 0.0005107880, 7.6923074722
1, 100, 8.5100000000, 800, 112, 8.5000000000, 0.0004380950, 7.1428570747
1, 100, 9.0100000000, 800, 120, 9.0000000000, 0.0004160290, 6.6666665077
1, 100, 9.5100000000, 800, 120, 9.5000000000, 0.0005312730, 6.6666665077
1, 1000, 0.0100000000, 8000, 376, 3.0000000000, 0.0005562360, 21.2765960693
1, 1000, 0.5100000000, 8000, 376, 3.0000000000, 0.0004988250, 21.2765960693
1, 1000, 1.0100000000, 8000, 376, 3.0000000000, 0.0010220160, 21.2765960693
1, 1000, 1.5100000000, 8000, 376, 3.0000000000, 0.0010592460, 21.2765960693
1, 1000, 2.0100000000, 8000, 376, 3.0000000000, 0.0010481190, 21.2765960693
1, 1000, 2.5100000000, 8000, 376, 3.0000000000, 0.0010753220, 21.2765960693
1, 1000, 3.0100000000, 8000, 376, 3.0000000000, 0.0010716020, 21.2765960693
1, 1000, 3.5100000000, 8000, 440, 3.5000000000, 0.0010527830, 18.1818180084
1, 1000, 4.0100000000, 8000, 504, 4.0000000000, 0.0010567080, 15.8730154037
1, 1000, 4.5100000000, 8000, 568, 4.5000000000, 0.0010689180, 14.0845069885
1, 1000, 5.0100000000, 8000, 632, 5.0000000000, 0.0010762830, 12.6582279205
1, 1000, 5.5100000000, 8000, 688, 5.5000000000, 0.0010735030, 11.6279067993
1, 1000, 6.0100000000, 8000, 752, 6.0000000000, 0.0010714120, 10.6382980347
1, 1000, 6.5100000000, 8000, 816, 6.5000000000, 0.0010595700, 9.8039216995
1, 1000, 7.0100000000, 8000, 880, 7.0000000000, 0.0010499850, 9.0909090042
1, 1000, 7.5100000000, 8000, 944, 7.5000000000, 0.0010568890, 8.4745759964
1, 1000, 8.0100000000, 8000, 1000, 8.0000000000, 0.0010494480, 8.0000000000
1, 1000, 8.5100000000, 8000, 1064, 8.5000000000, 0.0010547470, 7.5187969208
1, 1000, 9.0100000000, 8000, 1128, 9.0000000000, 0.0010565080, 7.0921983719
1, 1000, 9.5100000000, 8000, 1192, 9.5000000000, 0.0010638990, 6.7114095688
1, 10000, 0.0100000000, 80000, 3752, 3.0000000000, 0.0089376490, 21.3219623566
1, 10000, 0.5100000000, 80000, 3752, 3.0000000000, 0.0003504070, 21.3219623566
1, 10000, 1.0100000000, 80000, 3752, 3.0000000000, 0.0048038800, 21.3219623566
1, 10000, 1.5100000000, 80000, 3752, 3.0000000000, 0.0091221380, 21.3219623566
1, 10000, 2.0100000000, 80000, 3752, 3.0000000000, 0.0076456950, 21.3219623566
1, 10000, 2.5100000000, 80000, 3752, 3.0000000000, 0.0023706220, 21.3219623566
1, 10000, 3.0100000000, 80000, 3752, 3.0000000000, 0.0001869730, 21.3219623566
1, 10000, 3.5100000000, 80000, 4376, 3.5000000000, 0.0024457510, 18.2815361023
1, 10000, 4.0100000000, 80000, 5000, 4.0000000000, 0.0020256970, 16.0000000000
1, 10000, 4.5100000000, 80000, 5632, 4.5000000000, 0.0023128120, 14.2045450211
1, 10000, 5.0100000000, 80000, 6256, 5.0000000000, 0.0023540990, 12.7877235413
1, 10000, 5.5100000000, 80000, 6880, 5.5000000000, 0.0020658000, 11.6279067993
1, 10000, 6.0100000000, 80000, 7504, 6.0000000000, 0.0021362990, 10.6609811783
1, 10000, 6.5100000000, 80000, 8128, 6.5000000000, 0.0022479350, 9.8425197601
1, 10000, 7.0100000000, 80000, 8752, 7.0000000000, 0.0023433790, 9.1407680511
1, 10000, 7.5100000000, 80000, 9376, 7.5000000000, 0.0021107820, 8.5324230194
1, 10000, 8.0100000000, 80000, 10000, 8.0000000000, 0.0024012070, 8.0000000000
1, 10000, 8.5100000000, 80000, 10632, 8.5000000000, 0.0033121480, 7.5244545937
1, 10000, 9.0100000000, 80000, 11256, 9.0000000000, 0.0023839420, 7.1073203087
1, 10000, 9.5100000000, 80000, 11880, 9.5000000000, 0.0023257040, 6.7340068817
1, 100000, 0.0100000000, 800000, 37504, 3.0000000000, 0.0090775540, 21.3310585022
1, 100000, 0.5100000000, 800000, 37504, 3.0000000000, 0.0062828770, 21.3310585022
1, 100000, 1.0100000000, 800000, 37504, 3.0000000000, 0.0037178230, 21.3310585022
1, 100000, 1.5100000000, 800000, 37504, 3.0000000000, 0.0049494500, 21.3310585022
1, 100000, 2.0100000000, 800000, 37504, 3.0000000000, 0.0018578400, 21.3310585022
1, 100000, 2.5100000000, 800000, 37504, 3.0000000000, 0.0027934150, 21.3310585022
1, 100000, 3.0100000000, 800000, 37504, 3.0000000000, 0.0014213520, 21.3310585022
1, 100000, 3.5100000000, 800000, 43752, 3.5000000000, 0.0020933980, 18.2848777771
1, 100000, 4.0100000000, 800000, 50000, 4.0000000000, 0.0050292210, 16.0000000000
1, 100000, 4.5100000000, 800000, 56256, 4.5000000000, 0.0051614710, 14.2207050323
1, 100000, 5.0100000000, 800000, 62504, 5.0000000000, 0.0044535920, 12.7991809845
1, 100000, 5.5100000000, 800000, 68752, 5.5000000000, 0.0014362330, 11.6360254288
1, 100000, 6.0100000000, 800000, 75000, 6.0000000000, 0.0039403120, 10.6666669846
1, 100000, 6.5100000000, 800000, 81256, 6.5000000000, 0.0041166220, 9.8454265594
1, 100000, 7.0100000000, 800000, 87504, 7.0000000000, 0.0025629490, 9.1424388885
1, 100000, 7.5100000000, 800000, 93752, 7.5000000000, 0.0039003570, 8.5331516266
1, 100000, 8.0100000000, 800000, 100000, 8.0000000000, 0.0057751170, 8.0000000000
1, 100000, 8.5100000000, 800000, 106256, 8.5000000000, 0.0015772980, 7.5289864540
1, 100000, 9.0100000000, 800000, 112504, 9.0000000000, 0.0039857400, 7.1108584404
1, 100000, 9.5100000000, 800000, 118752, 9.5000000000, 0.0011533300, 6.7367286682
1, 1000000, 0.0100000000, 8000000, 375000, 3.0000000000, 0.0041973300, 21.3333339691
1, 1000000, 0.5100000000, 8000000, 375000, 3.0000000000, 0.0044239120, 21.3333339691
1, 1000000, 1.0100000000, 8000000, 375000, 3.0000000000, 0.0048681380, 21.3333339691
1, 1000000, 1.5100000000, 8000000, 375000, 3.0000000000, 0.0078764340, 21.3333339691
1, 1000000, 2.0100000000, 8000000, 375000, 3.0000000000, 0.0096400670, 21.3333339691
1, 1000000, 2.5100000000, 8000000, 375000, 3.0000000000, 0.0092129650, 21.3333339691
1, 1000000, 3.0100000000, 8000000, 375000, 3.0000000000, 0.0084868360, 21.3333339691
1, 1000000, 3.5100000000, 8000000, 437504, 3.5000000000, 0.0075927330, 18.2855472565
1, 1000000, 4.0100000000, 8000000, 500000, 4.0000000000, 0.0101882130, 16.0000000000
1, 1000000, 4.5100000000, 8000000, 562504, 4.5000000000, 0.0060557800, 14.2221212387
1, 1000000, 5.0100000000, 8000000, 625000, 5.0000000000, 0.0075917180, 12.8000001907
1, 1000000, 5.5100000000, 8000000, 687504, 5.5000000000, 0.0081200830, 11.6362962723
1, 1000000, 6.0100000000, 8000000, 750000, 6.0000000000, 0.0270510480, 10.6666669846
1, 1000000, 6.5100000000, 8000000, 812504, 6.5000000000, 0.0037920330, 9.8461055756
1, 1000000, 7.0100000000, 8000000, 875000, 7.0000000000, 0.0045404990, 9.1428575516
1, 1000000, 7.5100000000, 8000000, 937504, 7.5000000000, 0.0054020680, 8.5332965851
1, 1000000, 8.0100000000, 8000000, 1000000, 8.0000000000, 0.0060187160, 8.0000000000
1, 1000000, 8.5100000000, 8000000, 1062504, 8.5000000000, 0.0047332080, 7.5293831825
1, 1000000, 9.0100000000, 8000000, 1125000, 9.0000000000, 0.0068508520, 7.1111111641
1, 1000000, 9.5100000000, 8000000, 1187504, 9.5000000000, 0.0058418900, 6.7368192673
1, 10000000, 0.0100000000, 80000000, 3750000, 3.0000000000, 0.0345969560, 21.3333339691
1, 10000000, 0.5100000000, 80000000, 3750000, 3.0000000000, 0.0426905280, 21.3333339691
1, 10000000, 1.0100000000, 80000000, 3750000, 3.0000000000, 0.0265452860, 21.3333339691
1, 10000000, 1.5100000000, 80000000, 3750000, 3.0000000000, 0.0204374290, 21.3333339691
1, 10000000, 2.0100000000, 80000000, 3750000, 3.0000000000, 0.0294944380, 21.3333339691
1, 10000000, 2.5100000000, 80000000, 3750000, 3.0000000000, 0.0243897820, 21.3333339691
1, 10000000, 3.0100000000, 80000000, 3750000, 3.0000000000, 0.0199349700, 21.3333339691
1, 10000000, 3.5100000000, 80000000, 4375000, 3.5000000000, 0.0220587730, 18.2857151031
1, 10000000, 4.0100000000, 80000000, 5000000, 4.0000000000, 0.0230921140, 16.0000000000
1, 10000000, 4.5100000000, 80000000, 5625000, 4.5000000000, 0.0349081220, 14.2222223282
1, 10000000, 5.0100000000, 80000000, 6250000, 5.0000000000, 0.0339160490, 12.8000001907
1, 10000000, 5.5100000000, 80000000, 6875000, 5.5000000000, 0.0424835070, 11.6363639832
1, 10000000, 6.0100000000, 80000000, 7500000, 6.0000000000, 0.0455421040, 10.6666669846
1, 10000000, 6.5100000000, 80000000, 8125000, 6.5000000000, 0.0481551610, 9.8461542130
1, 10000000, 7.0100000000, 80000000, 8750000, 7.0000000000, 0.0415769000, 9.1428575516
1, 10000000, 7.5100000000, 80000000, 9375000, 7.5000000000, 0.0369898010, 8.5333337784
1, 10000000, 8.0100000000, 80000000, 10000000, 8.0000000000, 0.0612653980, 8.0000000000
1, 10000000, 8.5100000000, 80000000, 10625000, 8.5000000000, 0.0386509500, 7.5294117928
1, 10000000, 9.0100000000, 80000000, 11250000, 9.0000000000, 0.0401420740, 7.1111111641
1, 10000000, 9.5100000000, 80000000, 11875000, 9.5000000000, 0.0454142210, 6.7368421555
2, 1, 0.0100000000, 8, 8, 3.0000000000, 0.2567992350, 1.0000000000
2, 1, 0.5100000000, 8, 8, 3.0000000000, 0.0005345110, 1.0000000000
2, 1, 1.0100000000, 8, 8, 3.0000000000, 0.0005548450, 1.0000000000
2, 1, 1.5100000000, 8, 8, 3.0000000000, 0.0005240470, 1.0000000000
2, 1, 2.0100000000, 8, 8, 3.0000000000, 0.0005345240, 1.0000000000
2, 1, 2.5100000000, 8, 8, 3.0000000000, 0.0005368980, 1.0000000000
2, 1, 3.0100000000, 8, 8, 3.0000000000, 0.0005219220, 1.0000000000
2, 1, 3.5100000000, 8, 8, 3.5000000000, 0.0005198530, 1.0000000000
2, 1, 4.0100000000, 8, 8, 4.0000000000, 0.0005337150, 1.0000000000
2, 1, 4.5100000000, 8, 8, 4.5000000000, 0.0005379440, 1.0000000000
2, 1, 5.0100000000, 8, 8, 5.0000000000, 0.0005473100, 1.0000000000
2, 1, 5.5100000000, 8, 8, 5.5000000000, 0.0005293510, 1.0000000000
2, 1, 6.0100000000, 8, 8, 6.0000000000, 0.0005361310, 1.0000000000
2, 1, 6.5100000000, 8, 8, 6.5000000000, 0.0005191000, 1.0000000000
2, 1, 7.0100000000, 8, 8, 7.0000000000, 0.0005363050, 1.0000000000
2, 1, 7.5100000000, 8, 8, 7.5000000000, 0.0005311510, 1.0000000000
2, 1, 8.0100000000, 8, 8, 8.0000000000, 0.0005342420, 1.0000000000
2, 1, 8.5100000000, 8, 8, 8.5000000000, 0.0005188170, 1.0000000000
2, 1, 9.0100000000, 8, 8, 9.0000000000, 0.0005327090, 1.0000000000
2, 1, 9.5100000000, 8, 8, 9.5000000000, 0.0005208790, 1.0000000000
2, 10, 0.0100000000, 80, 8, 3.0000000000, 0.0005357420, 10.0000000000
2, 10, 0.5100000000, 80, 8, 3.0000000000, 0.0005228460, 10.0000000000
2, 10, 1.0100000000, 80, 8, 3.0000000000, 0.0005231470, 10.0000000000
2, 10, 1.5100000000, 80, 8, 3.0000000000, 0.0005358190, 10.0000000000
2, 10, 2.0100000000, 80, 8, 3.0000000000, 0.0005195770, 10.0000000000
2, 10, 2.5100000000, 80, 8, 3.0000000000, 0.0005322280, 10.0000000000
2, 10, 3.0100000000, 80, 8, 3.0000000000, 0.0005290450, 10.0000000000
2, 10, 3.5100000000, 80, 8, 3.5000000000, 0.0005250770, 10.0000000000
2, 10, 4.0100000000, 80, 8, 4.0000000000, 0.0005308030, 10.0000000000
2, 10, 4.5100000000, 80, 8, 4.5000000000, 0.0005305000, 10.0000000000
2, 10, 5.0100000000, 80, 8, 5.0000000000, 0.0005185850, 10.0000000000
2, 10, 5.5100000000, 80, 16, 5.5000000000, 0.0005294280, 5.0000000000
2, 10, 6.0100000000, 80, 16, 6.0000000000, 0.0005178800, 5.0000000000
2, 10, 6.5100000000, 80, 16, 6.5000000000, 0.0005312620, 5.0000000000
2, 10, 7.0100000000, 80, 16, 7.0000000000, 0.0005160490, 5.0000000000
2, 10, 7.5100000000, 80, 16, 7.5000000000, 0.0005316910, 5.0000000000
2, 10, 8.0100000000, 80, 16, 8.0000000000, 0.0005174610, 5.0000000000
2, 10, 8.5100000000, 80, 16, 8.5000000000, 0.0005202760, 5.0000000000
2, 10, 9.0100000000, 80, 16, 9.0000000000, 0.0005166740, 5.0000000000
2, 10, 9.5100000000, 80, 16, 9.5000000000, 0.0005227640, 5.0000000000
2, 100, 0.0100000000, 800, 40, 3.0000000000, 0.0005291900, 20.0000000000
2, 100, 0.5100000000, 800, 40, 3.0000000000, 0.0005334960, 20.0000000000
2, 100, 1.0100000000, 800, 40, 3.0000000000, 0.0005198000, 20.0000000000
2, 100, 1.5100000000, 800, 40, 3.0000000000, 0.0005265690, 20.0000000000
2, 100, 2.0100000000, 800, 40, 3.0000000000, 0.0005306540, 20.0000000000
2, 100, 2.5100000000, 800, 40, 3.0000000000, 0.0005476080, 20.0000000000
2, 100, 3.0100000000, 800, 40, 3.0000000000, 0.0005316350, 20.0000000000
2, 100, 3.5100000000, 800, 48, 3.5000000000, 0.0005396150, 16.6666660309
2, 100, 4.0100000000, 800, 56, 4.0000000000, 0.0005324360, 14.2857141495
2, 100, 4.5100000000, 800, 64, 4.5000000000, 0.0005182980, 12.5000000000
2, 100, 5.0100000000, 800, 64, 5.0000000000, 0.0005292770, 12.5000000000
2, 100, 5.5100000000, 800, 72, 5.5000000000, 0.0005246450, 11.1111106873
2, 100, 6.0100000000, 800, 80, 6.0000000000, 0.0005314080, 10.0000000000
2, 100, 6.5100000000, 800, 88, 6.5000000000, 0.0005306580, 9.0909090042
2, 100, 7.0100000000, 800, 88, 7.0000000000, 0.0005187740, 9.0909090042
2, 100, 7.5100000000, 800, 96, 7.5000000000, 0.0005255390, 8.3333330154
2, 100, 8.0100000000, 800, 104, 8.0000000000, 0.0005272950, 7.6923074722
2, 100, 8.5100000000, 800, 112, 8.5000000000, 0.0005297000, 7.1428570747
2, 100, 9.0100000000, 800, 120, 9.0000000000, 0.0005264450, 6.6666665077
2, 100, 9.5100000000, 800, 120, 9.5000000000, 0.0005306300, 6.6666665077
2, 1000, 0.0100000000, 8000, 376, 3.0000000000, 0.0005332070, 21.2765960693
2, 1000, 0.5100000000, 8000, 376, 3.0000000000, 0.0005245150, 21.2765960693
2, 1000, 1.0100000000, 8000, 376, 3.0000000000, 0.0005200960, 21.2765960693
2, 1000, 1.5100000000, 8000, 376, 3.0000000000, 0.0005240640, 21.2765960693
2, 1000, 2.0100000000, 8000, 376, 3.0000000000, 0.0005332460, 21.2765960693
2, 1000, 2.5100000000, 8000, 376, 3.0000000000, 0.0005340780, 21.2765960693
2, 1000, 3.0100000000, 8000, 376, 3.0000000000, 0.0005218920, 21.2765960693
2, 1000, 3.5100000000, 8000, 440, 3.5000000000, 0.0005193480, 18.1818180084
2, 1000, 4.0100000000, 8000, 504, 4.0000000000, 0.0005217000, 15.8730154037
2, 1000, 4.5100000000, 8000, 568, 4.5000000000, 0.0005370420, 14.0845069885
2, 1000, 5.0100000000, 8000, 632, 5.0000000000, 0.0005467710, 12.6582279205
2, 1000, 5.5100000000, 8000, 688, 5.5000000000, 0.0005194850, 11.6279067993
2, 1000, 6.0100000000, 8000, 752, 6.0000000000, 0.0005201000, 10.6382980347
2, 1000, 6.5100000000, 8000, 816, 6.5000000000, 0.0005253330, 9.8039216995
2, 1000, 7.0100000000, 8000, 880, 7.0000000000, 0.0005317050, 9.0909090042
2, 1000, 7.5100000000, 8000, 944, 7.5000000000, 0.0005301150, 8.4745759964
2, 1000, 8.0100000000, 8000, 1000, 8.0000000000, 0.0005416510, 8.0000000000
2, 1000, 8.5100000000, 8000, 1064, 8.5000000000, 0.0005303340, 7.5187969208
2, 1000, 9.0100000000, 8000, 1128, 9.0000000000, 0.0005469450, 7.0921983719
2, 1000, 9.5100000000, 8000, 1192, 9.5000000000, 0.0005228040, 6.7114095688
2, 10000, 0.0100000000, 80000, 3752, 3.0000000000, 0.0005310330, 21.3219623566
2, 10000, 0.5100000000, 80000, 3752, 3.0000000000, 0.0005303300, 21.3219623566
2, 10000, 1.0100000000, 80000, 3752, 3.0000000000, 0.0005297540, 21.3219623566
2, 10000, 1.5100000000, 80000, 3752, 3.0000000000, 0.0005276750, 21.3219623566
2, 10000, 2.0100000000, 80000, 3752, 3.0000000000, 0.0005331040, 21.3219623566
2, 10000, 2.5100000000, 80000, 3752, 3.0000000000, 0.0005296420, 21.3219623566
2, 10000, 3.0100000000, 80000, 3752, 3.0000000000, 0.0005279500, 21.3219623566
2, 10000, 3.5100000000, 80000, 4376, 3.5000000000, 0.0005351800, 18.2815361023
2, 10000, 4.0100000000, 80000, 5000, 4.0000000000, 0.0005302780, 16.0000000000
2, 10000, 4.5100000000, 80000, 5632, 4.5000000000, 0.0005312520, 14.2045450211
2, 10000, 5.0100000000, 80000, 6256, 5.0000000000, 0.0005314630, 12.7877235413
2, 10000, 5.5100000000, 80000, 6880, 5.5000000000, 0.0005298700, 11.6279067993
2, 10000, 6.0100000000, 80000, 7504, 6.0000000000, 0.0005295160, 10.6609811783
2, 10000, 6.5100000000, 80000, 8128, 6.5000000000, 0.0005314140, 9.8425197601
2, 10000, 7.0100000000, 80000, 8752, 7.0000000000, 0.0005313070, 9.1407680511
2, 10000, 7.5100000000, 80000, 9376, 7.5000000000, 0.0005308500, 8.5324230194
2, 10000, 8.0100000000, 80000, 10000, 8.0000000000, 0.0005322110, 8.0000000000
2, 10000, 8.5100000000, 80000, 10632, 8.5000000000, 0.0005395310, 7.5244545937
2, 10000, 9.0100000000, 80000, 11256, 9.0000000000, 0.0005397260, 7.1073203087
2, 10000, 9.5100000000, 80000, 11880, 9.5000000000, 0.0005309260, 6.7340068817
2, 100000, 0.0100000000, 800000, 37504, 3.0000000000, 0.0005713970, 21.3310585022
2, 100000, 0.5100000000, 800000, 37504, 3.0000000000, 0.0005659590, 21.3310585022
2, 100000, 1.0100000000, 800000, 37504, 3.0000000000, 0.0005657160, 21.3310585022
2, 100000, 1.5100000000, 800000, 37504, 3.0000000000, 0.0005682660, 21.3310585022
2, 100000, 2.0100000000, 800000, 37504, 3.0000000000, 0.0005667120, 21.3310585022
2, 100000, 2.5100000000, 800000, 37504, 3.0000000000, 0.0005630630, 21.3310585022
2, 100000, 3.0100000000, 800000, 37504, 3.0000000000, 0.0005639460, 21.3310585022
2, 100000, 3.5100000000, 800000, 43752, 3.5000000000, 0.0005654150, 18.2848777771
2, 100000, 4.0100000000, 800000, 50000, 4.0000000000, 0.0005706240, 16.0000000000
2, 100000, 4.5100000000, 800000, 56256, 4.5000000000, 0.0005792310, 14.2207050323
2, 100000, 5.0100000000, 800000, 62504, 5.0000000000, 0.0005827720, 12.7991809845
2, 100000, 5.5100000000, 800000, 68752, 5.5000000000, 0.0005791070, 11.6360254288
2, 100000, 6.0100000000, 800000, 75000, 6.0000000000, 0.0005835980, 10.6666669846
2, 100000, 6.5100000000, 800000, 81256, 6.5000000000, 0.0005797450, 9.8454265594
2, 100000, 7.0100000000, 800000, 87504, 7.0000000000, 0.0005880000, 9.1424388885
2, 100000, 7.5100000000, 800000, 93752, 7.5000000000, 0.0005805420, 8.5331516266
2, 100000, 8.0100000000, 800000, 100000, 8.0000000000, 0.0005852920, 8.0000000000
2, 100000, 8.5100000000, 800000, 106256, 8.5000000000, 0.0005865800, 7.5289864540
2, 100000, 9.0100000000, 800000, 112504, 9.0000000000, 0.0005829720, 7.1108584404
2, 100000, 9.5100000000, 800000, 118752, 9.5000000000, 0.0005860000, 6.7367286682
2, 1000000, 0.0100000000, 8000000, 375000, 3.0000000000, 0.0018940650, 21.3333339691
2, 1000000, 0.5100000000, 8000000, 375000, 3.0000000000, 0.0016247520, 21.3333339691
2, 1000000, 1.0100000000, 8000000, 375000, 3.0000000000, 0.0016122950, 21.3333339691
2, 1000000, 1.5100000000, 8000000, 375000, 3.0000000000, 0.0016213680, 21.3333339691
2, 1000000, 2.0100000000, 8000000, 375000, 3.0000000000, 0.0015964960, 21.3333339691
2, 1000000, 2.5100000000, 8000000, 375000, 3.0000000000, 0.0016157390, 21.3333339691
2, 1000000, 3.0100000000, 8000000, 375000, 3.0000000000, 0.0016079840, 21.3333339691
2, 1000000, 3.5100000000, 8000000, 437504, 3.5000000000, 0.0016427690, 18.2855472565
2, 1000000, 4.0100000000, 8000000, 500000, 4.0000000000, 0.0016335390, 16.0000000000
2, 1000000, 4.5100000000, 8000000, 562504, 4.5000000000, 0.0016476090, 14.2221212387
2, 1000000, 5.0100000000, 8000000, 625000, 5.0000000000, 0.0016733700, 12.8000001907
2, 1000000, 5.5100000000, 8000000, 687504, 5.5000000000, 0.0016739410, 11.6362962723
2, 1000000, 6.0100000000, 8000000, 750000, 6.0000000000, 0.0016914870, 10.6666669846
2, 1000000, 6.5100000000, 8000000, 812504, 6.5000000000, 0.0016917700, 9.8461055756
2, 1000000, 7.0100000000, 8000000, 875000, 7.0000000000, 0.0017440530, 9.1428575516
2, 1000000, 7.5100000000, 8000000, 937504, 7.5000000000, 0.0017161830, 8.5332965851
2, 1000000, 8.0100000000, 8000000, 1000000, 8.0000000000, 0.0017414470, 8.0000000000
2, 1000000, 8.5100000000, 8000000, 1062504, 8.5000000000, 0.0017393470, 7.5293831825
2, 1000000, 9.0100000000, 8000000, 1125000, 9.0000000000, 0.0017366820, 7.1111111641
2, 1000000, 9.5100000000, 8000000, 1187504, 9.5000000000, 0.0017356420, 6.7368192673
2, 10000000, 0.0100000000, 80000000, 3750000, 3.0000000000, 0.0101306580, 21.3333339691
2, 10000000, 0.5100000000, 80000000, 3750000, 3.0000000000, 0.0097364260, 21.3333339691
2, 10000000, 1.0100000000, 80000000, 3750000, 3.0000000000, 0.0098950120, 21.3333339691
2, 10000000, 1.5100000000, 80000000, 3750000, 3.0000000000, 0.0099040530, 21.3333339691
2, 10000000, 2.0100000000, 80000000, 3750000, 3.0000000000, 0.0099766400, 21.3333339691
2, 10000000, 2.5100000000, 80000000, 3750000, 3.0000000000, 0.0099317850, 21.3333339691
2, 10000000, 3.0100000000, 80000000, 3750000, 3.0000000000, 0.0098891250, 21.3333339691
2, 10000000, 3.5100000000, 80000000, 4375000, 3.5000000000, 0.0101186920, 18.2857151031
2, 10000000, 4.0100000000, 80000000, 5000000, 4.0000000000, 0.0101043090, 16.0000000000
2, 10000000, 4.5100000000, 80000000, 5625000, 4.5000000000, 0.0101410210, 14.2222223282
2, 10000000, 5.0100000000, 80000000, 6250000, 5.0000000000, 0.0103832910, 12.8000001907
2, 10000000, 5.5100000000, 80000000, 6875000, 5.5000000000, 0.0105207400, 11.6363639832
2, 10000000, 6.0100000000, 80000000, 7500000, 6.0000000000, 0.0106038260, 10.6666669846
2, 10000000, 6.5100000000, 80000000, 8125000, 6.5000000000, 0.0108235160, 9.8461542130
2, 10000000, 7.0100000000, 80000000, 8750000, 7.0000000000, 0.0116760820, 9.1428575516
2, 10000000, 7.5100000000, 80000000, 9375000, 7.5000000000, 0.0109351010, 8.5333337784
2, 10000000, 8.0100000000, 80000000, 10000000, 8.0000000000, 0.0108327670, 8.0000000000
2, 10000000, 8.5100000000, 80000000, 10625000, 8.5000000000, 0.0111370760, 7.5294117928
2, 10000000, 9.0100000000, 80000000, 11250000, 9.0000000000, 0.0112698600, 7.1111111641
2, 10000000, 9.5100000000, 80000000, 11875000, 9.5000000000, 0.0112578040, 6.7368421555
